2.450
2.450
2.450
2.450
2.450
2.450
2.450
2.450
2.450
2.450
2.450
2.450
2.450
2.450
2.450
2.450
2.450
2.450
2.450
2.450
2.450
2.451
2.451
2.451
2.451
2.451
2.451
2.451
2.451
2.451
2.452
2.452
2.452
2.452
2.452
2.452
2.452
2.453
2.453
2.453
2.453
2.453
2.453
2.454
2.454
2.454
2.454
2.454
2.455
2.455
2.455
2.455
2.456
2.456
2.456
2.456
2.456
2.457
2.457
2.457
2.458
2.458
2.458
2.458
2.459
2.459
2.459
2.459
2.460
2.460
2.460
2.461
2.461
2.461
2.462
2.462
2.462
2.463
2.463
2.463
2.464
2.464
2.464
2.465
2.465
2.466
2.466
2.466
2.467
2.467
2.468
2.468
2.468
2.469
2.469
2.470
2.470
2.470
2.471
2.471
2.472
2.472
2.473
2.473
2.474
2.474
2.475
2.475
2.475
2.476
2.476
2.477
2.477
2.478
2.478
2.479
2.480
2.480
2.481
2.481
2.482
2.482
2.483
2.483
2.484
2.484
2.485
2.486
2.486
2.487
2.487
2.488
2.488
2.489
2.490
2.490
2.491
2.492
2.492
2.493
2.493
2.494
2.495
2.495
2.496
2.497
2.497
2.498
2.499
2.499
2.500
2.501
2.501
2.502
2.503
2.504
2.504
2.505
2.506
2.506
2.507
2.508
2.509
2.509
2.510
2.511
2.512
2.512
2.513
2.514
2.515
2.516
2.516
2.517
2.518
2.519
2.520
2.520
2.521
2.522
2.523
2.524
2.525
2.526
2.526
2.527
2.528
2.529
2.530
2.531
2.532
2.533
2.533
2.534
2.535
2.536
2.537
2.538
2.539
2.540
2.541
2.542
2.543
2.544
2.545
2.546
2.547
2.548
2.549
2.550
2.551
2.552
2.553
2.554
2.555
2.556
2.557
2.558
2.559
2.560
2.561
2.562
2.563
2.564
2.565
2.566
2.567
2.568
2.570
2.571
2.572
2.573
2.574
2.575
2.576
2.577
2.579
2.580
2.581
2.582
2.583
2.584
2.586
2.587
2.588
2.589
2.590
2.592
2.593
2.594
2.595
2.597
2.598
2.599
2.600
2.602
2.603
2.604
2.605
2.607
2.608
2.609
2.611
2.612
2.613
2.615
2.616
2.617
2.619
2.620
2.621
2.623
2.624
2.625
2.627
2.628
2.630
2.631
2.632
2.634
2.635
2.637
2.638
2.639
2.641
2.642
2.644
2.645
2.647
2.648
2.650
2.651
2.653
2.654
2.656
2.657
2.659
2.660
2.662
2.664
2.665
2.667
2.668
2.670
2.671
2.673
2.675
2.676
2.678
2.679
2.681
2.683
2.684
2.686
2.688
2.689
2.691
2.693
2.694
2.696
2.698
2.700
2.701
2.703
2.705
2.706
2.708
2.710
2.712
2.714
2.715
2.717
2.719
2.721
2.723
2.724
2.726
2.728
2.730
2.732
2.734
2.735
2.737
2.739
2.741
2.743
2.745
2.747
2.749
2.751
2.753
2.755
2.757
2.759
2.761
2.763
2.765
2.767
2.769
2.771
2.773
2.775
2.777
2.779
2.781
2.783
2.785
2.787
2.789
2.791
2.793
2.796
2.798
2.800
2.802
2.804
2.806
2.808
2.811
2.813
2.815
2.817
2.820
2.822
2.824
2.826
2.829
2.831
2.833
2.835
2.838
2.840
2.842
2.845
2.847
2.849
2.852
2.854
2.856
2.859
2.861
2.864
2.866
2.869
2.871
2.873
2.876
2.878
2.881
2.883
2.886
2.888
2.891
2.893
2.896
2.899
2.901
2.904
2.906
2.909
2.912
2.914
2.917
2.919
2.922
2.925
2.927
2.930
2.933
2.936
2.938
2.941
2.944
2.947
2.949
2.952
2.955
2.958
2.961
2.963
2.966
2.969
2.972
2.975
2.978
2.981
2.984
2.986
2.989
2.992
2.995
2.998
3.001
3.004
3.007
3.010
3.013
3.016
3.019
3.023
3.026
3.029
3.032
3.035
3.038
3.041
3.045
3.048
3.051
3.054
3.057
3.061
3.064
3.067
3.070
3.074
3.077
3.080
3.084
3.087
3.090
3.094
3.097
3.101
3.104
3.107
3.111
3.114
3.118
3.121
3.125
3.128
3.132
3.136
3.139
3.143
3.146
3.150
3.154
3.157
3.161
3.165
3.168
3.172
3.176
3.180
3.183
3.187
3.191
3.195
3.199
3.202
3.206
3.210
3.214
3.218
3.222
3.226
3.230
3.234
3.238
3.242
3.246
3.250
3.254
3.258
3.262
3.267
3.271
3.275
3.279
3.283
3.287
3.292
3.296
3.300
3.305
3.309
3.313
3.318
3.322
3.326
3.331
3.335
3.340
3.344
3.349
3.353
3.358
3.362
3.367
3.372
3.376
3.381
3.386
3.390
3.395
3.400
3.405
3.409
3.414
3.419
3.424
3.429
3.434
3.438
3.443
3.448
3.453
3.458
3.463
3.469
3.474
3.479
3.484
3.489
3.494
3.499
3.505
3.510
3.515
3.520
3.526
3.531
3.537
3.542
3.547
3.553
3.558
3.564
3.569
3.575
3.581
3.586
3.592
3.597
3.603
3.609
3.615
3.620
3.626
3.632
3.638
3.644
3.650
3.656
3.662
3.668
3.674
3.680
3.686
3.692
3.698
3.705
3.711
3.717
3.723
3.730
3.736
3.742
3.749
3.755
3.762
3.768
3.775
3.782
3.788
3.795
3.802
3.808
3.815
3.822
3.829
3.836
3.842
3.849
3.856
3.863
3.870
3.877
3.885
3.892
3.899
3.906
3.914
3.921
3.928
3.936
3.943
3.950
3.958
3.966
3.973
3.981
3.988
3.996
4.004
4.012
4.020
4.028
4.035
4.043
4.051
4.060
4.068
4.076
4.084
4.092
4.101
4.109
4.117
4.126
4.134
4.143
4.151
4.160
4.169
4.177
4.186
4.195
4.204
4.213
4.222
4.231
4.240
4.249
4.258
4.267
4.277
4.286
4.295
4.305
4.314
4.324
4.334
4.343
4.353
4.363
4.373
4.383
4.393
4.403
4.413
4.423
4.433
4.444
4.454
4.464
4.475
4.485
4.496
4.507
4.517
4.528
4.539
4.550
4.561
4.572
4.583
4.594
4.606
4.617
4.629
4.640
4.652
4.663
4.675
4.687
4.699
4.711
4.723
4.735
4.747
4.759
4.772
4.784
4.797
4.809
4.822
4.835
4.848
4.861
4.874
4.887
4.900
4.913
4.927
4.940
4.954
4.967
4.981
4.995
5.009
5.023
5.037
5.052
5.066
5.080
5.095
5.110
5.124
5.139
5.154
5.169
5.185
5.200
5.215
5.231
5.246
5.262
5.278
5.294
5.310
5.326
5.343
5.359
5.376
5.393
5.410
5.427
5.444
5.461
5.478
5.496
5.513
5.531
5.549
5.567
5.585
5.604
5.622
5.641
5.660
5.679
5.698
5.717
5.736
5.756
5.776
5.796
5.816
5.836
5.856
5.877
5.898
5.918
5.940
5.961
5.982
6.004
6.026
6.048
6.070
6.092
6.115
6.137
6.160
6.184
6.207
6.231
6.254
6.278
6.303
6.327
6.352
6.376
6.402
6.427
6.452
6.478
6.504
6.531
6.557
6.584
6.611
6.638
6.666
6.694
6.722
6.750
6.779
6.808
6.837
6.866
6.896
6.926
6.956
6.987
7.018
7.049
7.081
7.113
7.145
7.178
7.211
7.244
7.278
7.312
7.346
7.381
7.416
7.451
7.487
7.523
7.560
7.597
7.634
7.672
7.711
7.749
7.789
7.828
7.868
7.909
7.950
7.991
8.033
8.076
8.119
8.162
8.206
8.250
8.295
8.341
8.387
8.434
8.481
8.529
8.578
8.627
8.676
8.727
8.778
8.830
8.882
8.935
8.989
9.043
9.098
9.154
9.211
9.268
9.327
9.386
9.445
9.506
9.568
9.630
9.693
9.758
9.823
9.889
9.956
10.024
10.093
10.163
10.235
10.307
10.380
10.455
10.531
10.607
10.686
10.765
10.846
10.928
11.011
11.096
11.182
11.269
11.358
11.449
11.541
11.635
11.730
11.827
11.926
12.026
12.129
12.233
12.339
12.447
12.557
12.670
12.784
12.901
13.020
13.141
13.265
13.391
13.519
13.651
13.785
13.922
14.062
14.205
14.350
14.500
14.652
14.808
14.967
15.130
15.297
15.468
15.642
15.821
16.004
16.192
16.385
16.582
16.784
16.992
17.205
17.423
17.648
17.878
18.115
18.359
18.609
18.867
19.132
19.405
19.686
19.976
20.275
20.583
20.902
21.230
21.569
21.920
22.283
22.658
23.047
23.449
23.867
24.300
24.749
25.216
25.701
26.206
26.732
27.280
27.851
28.448
29.071
29.723
30.405
31.121
31.871
32.660
33.489
34.363
35.284
36.258
37.287
38.378
39.536
40.767
42.079
43.480
44.978
46.586
48.314
50.177
52.193
54.379
56.758
59.359
62.212
65.357
68.840
72.720
77.068
81.974
87.554
93.955
101.375
110.076
120.423
132.932
148.357
167.855
193.282
227.830
277.478
354.893
492.414
804.453
2199.963
2987.123
888.976
521.974
369.342
285.712
232.919
196.563
170.001
149.745
133.788
120.892
110.255
101.330
93.734
87.192
81.498
76.498
72.071
68.125
64.586
61.393
58.498
55.861
53.450
51.236
49.196
47.310
45.562
43.938
42.423
41.008
39.684
38.440
37.272
36.171
35.133
34.151
33.222
32.341
31.505
30.711
29.954
29.234
28.546
27.890
27.262
26.662
26.087
25.536
25.006
24.498
24.010
23.541
23.088
22.653
22.233
21.829
21.438
21.060
20.696
20.343
20.002
19.672
19.352
19.043
18.742
18.451
18.169
17.894
17.628
17.369
17.117
16.873
16.635
16.403
16.178
15.958
15.745
15.536
15.333
15.135
14.942
14.753
14.569
14.390
14.214
14.043
13.876
13.712
13.552
13.396
13.243
13.093
12.947
12.803
12.663
12.525
12.391
12.259
12.130
12.003
11.879
11.757
11.638
11.521
11.406
11.294
11.183
11.074
10.968
10.863
10.761
10.660
10.561
10.463
10.368
10.274
10.181
10.090
10.001
9.913
9.827
9.742
9.658
9.576
9.495
9.416
9.337
9.260
9.184
9.109
9.036
8.963
8.892
8.821
8.752
8.684
8.616
8.550
8.485
8.420
8.357
8.294
8.232
8.171
8.111
8.052
7.993
7.936
7.879
7.823
7.767
7.713
7.659
7.606
7.553
7.501
7.450
7.400
7.350
7.300
7.252
7.204
7.156
7.109
7.063
7.017
6.972
6.927
6.883
6.839
6.796
6.754
6.712
6.670
6.629
6.588
6.548
6.508
6.469
6.430
6.391
6.353
6.316
6.279
6.242
6.205
6.169
6.134
6.098
6.064
6.029
5.995
5.961
5.928
5.895
5.862
5.829
5.797
5.765
5.734
5.703
5.672
5.642
5.611
5.581
5.552
5.522
5.493
5.465
5.436
5.408
5.380
5.352
5.325
5.297
5.270
5.244
5.217
5.191
5.165
5.139
5.114
5.089
5.064
5.039
5.014
4.990
4.966
4.942
4.918
4.895
4.871
4.848
4.825
4.803
4.780
4.758
4.735
4.714
4.692
4.670
4.649
4.627
4.606
4.586
4.565
4.544
4.524
4.504
4.484
4.464
4.444
4.424
4.405
4.386
4.367
4.348
4.329
4.310
4.292
4.273
4.255
4.237
4.219
4.201
4.183
4.166
4.148
4.131
4.114
4.097
4.080
4.063
4.047
4.030
4.014
3.997
3.981
3.965
3.949
3.933
3.918
3.902
3.886
3.871
3.856
3.841
3.826
3.811
3.796
3.781
3.766
3.752
3.737
3.723
3.709
3.695
3.681
3.667
3.653
3.639
3.625
3.612
3.598
3.585
3.572
3.558
3.545
3.532
3.519
3.506
3.493
3.481
3.468
3.455
3.443
3.431
3.418
3.406
3.394
3.382
3.370
3.358
3.346
3.334
3.323
3.311
3.299
3.288
3.276
3.265
3.254
3.243
3.231
3.220
3.209
3.198
3.187
3.177
3.166
3.155
3.145
3.134
3.123
3.113
3.103
3.092
3.082
3.072
3.062
3.052
3.042
3.032
3.022
3.012
3.002
2.992
2.983
2.973
2.964
2.954
2.945
2.935
2.926
2.916
2.907
2.898
2.889
2.880
2.871
2.862
2.853
2.844
2.835
2.826
2.817
2.809
2.800
2.791
2.783
2.774
2.766
2.757
2.749
2.741
2.732
2.724
2.716
2.708
2.700
2.691
2.683
2.675
2.667
2.660
2.652
2.644
2.636
2.628
2.621
2.613
2.605
2.598
2.590
2.583
2.575
2.568
2.560
2.553
2.545
2.538
2.531
2.524
2.516
2.509
2.502
2.495
2.488
2.481
2.474
2.467
2.460
2.453
2.446
2.440
2.433
2.426
2.419
2.413
2.406
2.399
2.393
2.386
2.380
2.373
2.367
2.360
2.354
2.347
2.341
2.335
2.328
2.322
2.316
2.310
2.304
2.297
2.291
2.285
2.279
2.273
2.267
2.261
2.255
2.249
2.243
2.237
2.232
2.226
2.220
2.214
2.208
2.203
2.197
2.191
2.186
2.180
2.175
2.169
2.163
2.158
2.152
2.147
2.141
2.136
2.131
2.125
2.120
2.115
2.109
2.104
2.099
2.093
2.088
2.083
2.078
2.073
2.068
2.062
2.057
2.052
2.047
2.042
2.037
2.032
2.027
2.022
2.017
2.012
2.008
2.003
1.998
1.993
1.988
1.983
1.979
1.974
1.969
1.964
1.960
1.955
1.950
1.946
1.941
1.937
1.932
1.927
1.923
1.918
1.914
1.909
1.905
1.901
1.896
1.892
1.887
1.883
1.879
1.874
1.870
1.866
1.861
1.857
1.853
1.848
1.844
1.840
1.836
1.832
1.827
1.823
1.819
1.815
1.811
1.807
1.803
1.799
1.795
1.791
1.787
1.783
1.779
1.775
1.771
1.767
1.763
1.759
1.755
1.751
1.747
1.743
1.740
1.736
1.732
1.728
1.724
1.721
1.717
1.713
1.709
1.706
1.702
1.698
1.695
1.691
1.687
1.684
1.680
1.677
1.673
1.669
1.666
1.662
1.659
1.655
1.652
1.648
1.645
1.641
1.638
1.634
1.631
1.627
1.624
1.621
1.617
1.614
1.610
1.607
1.604
1.600
1.597
1.594
1.590
1.587
1.584
1.581
1.577
1.574
1.571
1.568
1.564
1.561
1.558
1.555
1.552
1.548
1.545
1.542
1.539
1.536
1.533
1.530
1.527
1.524
1.520
1.517
1.514
1.511
1.508
1.505
1.502
1.499
1.496
1.493
1.490
1.487
1.484
1.482
1.479
1.476
1.473
1.470
1.467
1.464
1.461
1.458
1.456
1.453
1.450
1.447
1.444
1.441
1.439
1.436
1.433
1.430
1.427
1.425
1.422
1.419
1.417
1.414
1.411
1.408
1.406
1.403
1.400
1.398
1.395
1.392
1.390
1.387
1.384
1.382
1.379
1.377
1.374
1.371
1.369
1.366
1.364
1.361
1.359
1.356
1.354
1.351
1.348
1.346
1.343
1.341
1.338
1.336
1.334
1.331
1.329
1.326
1.324
1.321
1.319
1.316
1.314
1.312
1.309
1.307
1.304
1.302
1.300
1.297
1.295
1.293
1.290
1.288
1.286
1.283
1.281
1.279
1.276
1.274
1.272
1.270
1.267
1.265
1.263
1.260
1.258
1.256
1.254
1.251
1.249
1.247
1.245
1.243
1.240
1.238
1.236
1.234
1.232
1.230
1.227
1.225
1.223
1.221
1.219
1.217
1.215
1.212
1.210
1.208
1.206
1.204
1.202
1.200
1.198
1.196
1.194
1.192
1.190
1.187
1.185
1.183
1.181
1.179
1.177
1.175
1.173
1.171
1.169
1.167
1.165
1.163
1.161
1.159
1.157
1.155
1.154
1.152
1.150
1.148
1.146
1.144
1.142
1.140
1.138
1.136
1.134
1.132
1.130
1.129
1.127
1.125
1.123
1.121
1.119
1.117
1.116
1.114
1.112
1.110
1.108
1.106
1.105
1.103
1.101
1.099
1.097
1.095
1.094
1.092
1.090
1.088
1.087
1.085
1.083
1.081
1.079
1.078
1.076
1.074
1.073
1.071
1.069
1.067
1.066
1.064
1.062
1.060
1.059
1.057
1.055
1.054
1.052
1.050
1.049
1.047
1.045
1.044
1.042
1.040
1.039
1.037
1.035
1.034
1.032
1.030
1.029
1.027
1.026
1.024
1.022
1.021
1.019
1.018
1.016
1.014
1.013
1.011
1.010
1.008
1.006
1.005
1.003
1.002
1.000
0.999
0.997
0.996
0.994
0.992
0.991
0.989
0.988
0.986
0.985
0.983
0.982
0.980
0.979
0.977
0.976
0.974
0.973
0.971
0.970
0.968
0.967
0.965
0.964
0.962
0.961
0.960
0.958
0.957
0.955
0.954
0.952
0.951
0.949
0.948
0.947
0.945
0.944
0.942
0.941
0.940
0.938
0.937
0.935
0.934
0.933
0.931
0.930
0.928
0.927
0.926
0.924
0.923
0.921
0.920
0.919
0.917
0.916
0.915
0.913
0.912
0.911
0.909
0.908
0.907
0.905
0.904
0.903
0.901
0.900
0.899
0.897
0.896
0.895
0.893
0.892
0.891
0.890
0.888
0.887
0.886
0.884
0.883
0.882
0.881
0.879
0.878
0.877
0.876
0.874
0.873
0.872
0.871
0.869
0.868
0.867
0.866
0.864
0.863
0.862
0.861
0.859
0.858
0.857
0.856
0.855
0.853
0.852
0.851
0.850
0.848
0.847
0.846
0.845
0.844
0.843
0.841
0.840
0.839
0.838
0.837
0.835
0.834
0.833
0.832
0.831
0.830
0.828
0.827
0.826
0.825
0.824
0.823
0.822
0.820
0.819
0.818
0.817
0.816
0.815
0.814
0.812
0.811
0.810
0.809
0.808
0.807
0.806
0.805
0.804
0.802
0.801
0.800
0.799
0.798
0.797
0.796
0.795
0.794
0.793
0.792
0.791
0.789
0.788
0.787
0.786
0.785
0.784
0.783
0.782
0.781
0.780
0.779
0.778
0.777
0.776
0.775
0.774
0.773
0.772
0.770
0.769
0.768
0.767
0.766
0.765
0.764
0.763
0.762
0.761
0.760
0.759
0.758
0.757
0.756
0.755
0.754
0.753
0.752
0.751
0.750
0.749
0.748
0.747
0.746
0.745
0.744
0.743
0.742
0.741
0.740
0.739
0.738
0.737
0.737
0.736
0.735
0.734
0.733
0.732
0.731
0.730
0.729
0.728
0.727
0.726
0.725
0.724
0.723
0.722
0.721
0.720
0.719
0.719
0.718
0.717
0.716
0.715
0.714
0.713
0.712
0.711
0.710
0.709
0.708
0.707
0.707
0.706
0.705
0.704
0.703
0.702
0.701
0.700
0.699
0.699
0.698
0.697
0.696
0.695
0.694
0.693
0.692
0.691
0.691
0.690
0.689
0.688
0.687
0.686
0.685
0.684
0.684
0.683
0.682
0.681
0.680
0.679
0.678
0.678
0.677
0.676
0.675
0.674
0.673
0.673
0.672
0.671
0.670
0.669
0.668
0.668
0.667
0.666
0.665
0.664
0.663
0.663
0.662
0.661
0.660
0.659
0.659
0.658
0.657
0.656
0.655
0.654
0.654
0.653
0.652
0.651
0.650
0.650
0.649
0.648
0.647
0.646
0.646
0.645
0.644
0.643
0.643
0.642
0.641
0.640
0.639
0.639
0.638
0.637
0.636
0.636
0.635
0.634
0.633
0.632
0.632
0.631
0.630
0.629
0.629
0.628
0.627
0.626
0.626
0.625
0.624
0.623
0.623
0.622
0.621
0.620
0.620
0.619
0.618
0.617
0.617
0.616
0.615
0.614
0.614
0.613
0.612
0.612
0.611
0.610
0.609
0.609
0.608
0.607
0.607
0.606
0.605
0.604
0.604
0.603
0.602
0.602
0.601
0.600
0.599
0.599
0.598
0.597
0.597
0.596
0.595
0.594
0.594
0.593
0.592
0.592
0.591
0.590
0.590
0.589
0.588
0.588
0.587
0.586
0.586
0.585
0.584
0.583
0.583
0.582
0.581
0.581
0.580
0.579
0.579
0.578
0.577
0.577
0.576
0.575
0.575
0.574
0.573
0.573
0.572
0.571
0.571
0.570
0.569
0.569
0.568
0.568
0.567
0.566
0.566
0.565
0.564
0.564
0.563
0.562
0.562
0.561
0.560
0.560
0.559
0.559
0.558
0.557
0.557
0.556
0.555
0.555
0.554
0.553
0.553
0.552
0.552
0.551
0.550
0.550
0.549
0.548
0.548
0.547
0.547
0.546
0.545
0.545
0.544
0.544
0.543
0.542
0.542
0.541
0.541
0.540
0.539
0.539
0.538
0.538
0.537
0.536
0.536
0.535
0.535
0.534
0.533
0.533
0.532
0.532
0.531
0.530
0.530
0.529
0.529
0.528
0.527
0.527
0.526
0.526
0.525
0.525
0.524
0.523
0.523
0.522
0.522
0.521
0.521
0.520
0.519
0.519
0.518
0.518
0.517
0.517
0.516
0.515
0.515
0.514
0.514
0.513
0.513
0.512
0.511
0.511
0.510
0.510
0.509
0.509
0.508
0.508
0.507
0.507
0.506
0.505
0.505
0.504
0.504
0.503
0.503
0.502
0.502
0.501
0.501
0.500
0.499
0.499
0.498
0.498
0.497
0.497
0.496
0.496
0.495
0.495
0.494
0.494
0.493
0.493
0.492
0.491
0.491
0.490
0.490
0.489
0.489
0.488
0.488
0.487
0.487
0.486
0.486
0.485
0.485
0.484
0.484
0.483
0.483
0.482
0.482
0.481
0.481
0.480
0.480
0.479
0.479
0.478
0.478
0.477
0.477
0.476
0.476
0.475
0.475
0.474
0.474
0.473
0.473
0.472
0.472
0.471
0.471
0.470
0.470
0.469
0.469
0.468
0.468
0.467
0.467
0.466
0.466
0.465
0.465
0.464
0.464
0.463
0.463
0.462
0.462
0.461
0.461
0.460
0.460
0.459
0.459
0.459
0.458
0.458
0.457
0.457
0.456
0.456
0.455
0.455
0.454
0.454
0.453
0.453
0.452
0.452
0.451
0.451
0.451
0.450
0.450
0.449
0.449
0.448
0.448
0.447
0.447
0.446
0.446
0.446
0.445
0.445
0.444
0.444
0.443
0.443
0.442
0.442
0.441
0.441
0.441
0.440
0.440
0.439
0.439
0.438
0.438
0.437
0.437
0.437
0.436
0.436
0.435
0.435
0.434
0.434
0.433
0.433
0.433
0.432
0.432
0.431
0.431
0.430
0.430
0.430
0.429
0.429
0.428
0.428
0.427
0.427
0.427
0.426
0.426
0.425
0.425
0.424
0.424
0.424
0.423
0.423
0.422
0.422
0.421
0.421
0.421
0.420
0.420
0.419
0.419
0.419
0.418
0.418
0.417
0.417
0.416
0.416
0.416
0.415
0.415
0.414
0.414
0.414
0.413
0.413
0.412
0.412
0.412
0.411
0.411
0.410
0.410
0.410
0.409
0.409
0.408
0.408
0.408
0.407
0.407
0.406
0.406
0.406
0.405
0.405
0.404
0.404
0.404
0.403
0.403
0.402
0.402
0.402
0.401
0.401
0.400
0.400
0.400
0.399
0.399
0.399
0.398
0.398
0.397
0.397
0.397
0.396
0.396
0.395
0.395
0.395
0.394
0.394
0.394
0.393
0.393
0.392
0.392
0.392
0.391
0.391
0.391
0.390
0.390
0.389
0.389
0.389
0.388
0.388
0.388
0.387
0.387
0.386
0.386
0.386
0.385
0.385
0.385
0.384
0.384
0.384
0.383
0.383
0.382
0.382
0.382
0.381
0.381
0.381
0.380
0.380
0.380
0.379
0.379
0.378
0.378
0.378
0.377
0.377
0.377
0.376
0.376
0.376
0.375
0.375
0.375
0.374
0.374
0.374
0.373
0.373
0.372
0.372
0.372
0.371
0.371
0.371
0.370
0.370
0.370
0.369
0.369
0.369
0.368
0.368
0.368
0.367
0.367
0.367
0.366
0.366
0.366
0.365
0.365
0.365
0.364
0.364
0.364
0.363
0.363
0.363
0.362
0.362
0.362
0.361
0.361
0.361
0.360
0.360
0.360
0.359
0.359
0.359
0.358
0.358
0.358
0.357
0.357
0.357
0.356
0.356
0.356
0.355
0.355
0.355
0.354
0.354
0.354
0.353
0.353
0.353
0.352
0.352
0.352
0.351
0.351
0.351
0.350
0.350
0.350
0.349
0.349
0.349
0.349
0.348
0.348
0.348
0.347
0.347
0.347
0.346
0.346
0.346
0.345
0.345
0.345
0.344
0.344
0.344
0.343
0.343
0.343
0.343
0.342
0.342
0.342
0.341
0.341
0.341
0.340
0.340
0.340
0.340
0.339
0.339
0.339
0.338
0.338
0.338
0.337
0.337
0.337
0.336
0.336
0.336
0.336
0.335
0.335
0.335
0.334
0.334
0.334
0.333
0.333
0.333
0.333
0.332
0.332
0.332
0.331
0.331
0.331
0.331
0.330
0.330
0.330
0.329
0.329
0.329
0.329
0.328
0.328
0.328
0.327
0.327
0.327
0.326
0.326
0.326
0.326
0.325
0.325
0.325
0.324
0.324
0.324
0.324
0.323
0.323
0.323
0.323
0.322
0.322
0.322
0.321
0.321
0.321
0.321
0.320
0.320
0.320
0.319
0.319
0.319
0.319
0.318
0.318
0.318
0.318
0.317
0.317
0.317
0.316
0.316
0.316
0.316
0.315
0.315
0.315
0.315
0.314
0.314
0.314
0.313
0.313
0.313
0.313
0.312
0.312
0.312
0.312
0.311
0.311
0.311
0.310
0.310
0.310
0.310
0.309
0.309
0.309
0.309
0.308
0.308
0.308
0.308
0.307
0.307
0.307
0.307
0.306
0.306
0.306
0.305
0.305
0.305
0.305
0.304
0.304
0.304
0.304
0.303
0.303
0.303
0.303
0.302
0.302
0.302
0.302
0.301
0.301
0.301
0.301
0.300
0.300
0.300
0.300
0.299
0.299
0.299
0.299
0.298
0.298
0.298
0.298
0.297
0.297
0.297
0.297
0.296
0.296
0.296
0.296
0.295
0.295
0.295
0.295
0.294
0.294
0.294
0.294
0.293
0.293
0.293
0.293
0.292
0.292
0.292
0.292
0.292
0.291
0.291
0.291
0.291
0.290
0.290
0.290
0.290
0.289
0.289
0.289
0.289
0.288
0.288
0.288
0.288
0.287
0.287
0.287
0.287
0.287
0.286
0.286
0.286
0.286
0.285
0.285
0.285
0.285
0.284
0.284
0.284
0.284
0.283
0.283
0.283
0.283
0.283
0.282
0.282
0.282
0.282
0.281
0.281
0.281
0.281
0.281
0.280
0.280
0.280
0.280
0.279
0.279
0.279
0.279
0.279
0.278
0.278
0.278
0.278
0.277
0.277
0.277
0.277
0.277
0.276
0.276
0.276
0.276
0.275
0.275
0.275
0.275
0.275
0.274
0.274
0.274
0.274
0.273
0.273
0.273
0.273
0.273
0.272
0.272
0.272
0.272
0.272
0.271
0.271
0.271
0.271
0.270
0.270
0.270
0.270
0.270
0.269
0.269
0.269
0.269
0.269
0.268
0.268
0.268
0.268
0.267
0.267
0.267
0.267
0.267
0.266
0.266
0.266
0.266
0.266
0.265
0.265
0.265
0.265
0.265
0.264
0.264
0.264
0.264
0.264
0.263
0.263
0.263
0.263
0.263
0.262
0.262
0.262
0.262
0.262
0.261
0.261
0.261
0.261
0.261
0.260
0.260
0.260
0.260
0.260
0.259
0.259
0.259
0.259
0.259
0.258
0.258
0.258
0.258
0.258
0.257
0.257
0.257
0.257
0.257
0.256
0.256
0.256
0.256
0.256
0.255
0.255
0.255
0.255
0.255
0.254
0.254
0.254
0.254
0.254
0.254
0.253
0.253
0.253
0.253
0.253
0.252
0.252
0.252
0.252
0.252
0.251
0.251
0.251
0.251
0.251
0.251
0.250
0.250
0.250
0.250
0.250
0.249
0.249
0.249
0.249
0.249
0.248
0.248
0.248
0.248
0.248
0.248
0.247
0.247
0.247
0.247
0.247
0.247
0.246
0.246
0.246
0.246
0.246
0.245
0.245
0.245
0.245
0.245
0.245
0.244
0.244
0.244
0.244
0.244
0.243
0.243
0.243
0.243
0.243
0.243
0.242
0.242
0.242
0.242
0.242
0.242
0.241
0.241
0.241
0.241
0.241
0.241
0.240
0.240
0.240
0.240
0.240
0.239
0.239
0.239
0.239
0.239
0.239
0.238
0.238
0.238
0.238
0.238
0.238
0.237
0.237
0.237
0.237
0.237
0.237
0.236
0.236
0.236
0.236
0.236
0.236
0.235
0.235
0.235
0.235
0.235
0.235
0.234
0.234
0.234
0.234
0.234
0.234
0.234
0.233
0.233
0.233
0.233
0.233
0.233
0.232
0.232
0.232
0.232
0.232
0.232
0.231
0.231
0.231
0.231
0.231
0.231
0.230
0.230
0.230
0.230
0.230
0.230
0.230
0.229
0.229
0.229
0.229
0.229
0.229
0.228
0.228
0.228
0.228
0.228
0.228
0.228
0.227
0.227
0.227
0.227
0.227
0.227
0.226
0.226
0.226
0.226
0.226
0.226
0.226
0.225
0.225
0.225
0.225
0.225
0.225
0.225
0.224
0.224
0.224
0.224
0.224
0.224
0.223
0.223
0.223
0.223
0.223
0.223
0.223
0.222
0.222
0.222
0.222
0.222
0.222
0.222
0.221
0.221
0.221
0.221
0.221
0.221
0.221
0.220
0.220
0.220
0.220
0.220
0.220
0.220
0.219
0.219
0.219
0.219
0.219
0.219
0.219
0.218
0.218
0.218
0.218
0.218
0.218
0.218
0.217
0.217
0.217
0.217
0.217
0.217
0.217
0.217
0.216
0.216
0.216
0.216
0.216
0.216
0.216
0.215
0.215
0.215
0.215
0.215
0.215
0.215
0.215
0.214
0.214
0.214
0.214
0.214
0.214
0.214
0.213
0.213
0.213
0.213
0.213
0.213
0.213
0.213
0.212
0.212
0.212
0.212
0.212
0.212
0.212
0.212
0.211
0.211
0.211
0.211
0.211
0.211
0.211
0.211
0.210
0.210
0.210
0.210
0.210
0.210
0.210
0.210
0.209
0.209
0.209
0.209
0.209
0.209
0.209
0.209
0.208
0.208
0.208
0.208
0.208
0.208
0.208
0.208
0.207
0.207
0.207
0.207
0.207
0.207
0.207
0.207
0.206
0.206
0.206
0.206
0.206
0.206
0.206
0.206
0.206
0.205
0.205
0.205
0.205
0.205
0.205
0.205
0.205
0.204
0.204
0.204
0.204
0.204
0.204
0.204
0.204
0.204
0.203
0.203
0.203
0.203
0.203
0.203
0.203
0.203
0.203
0.202
0.202
0.202
0.202
0.202
0.202
0.202
0.202
0.202
0.201
0.201
0.201
0.201
0.201
0.201
0.201
0.201
0.201
0.200
0.200
0.200
0.200
0.200
0.200
0.200
0.200
0.200
0.199
0.199
0.199
0.199
0.199
0.199
0.199
0.199
0.199
0.199
0.198
0.198
0.198
0.198
0.198
0.198
0.198
0.198
0.198
0.197
0.197
0.197
0.197
0.197
0.197
0.197
0.197
0.197
0.197
0.196
0.196
0.196
0.196
0.196
0.196
0.196
0.196
0.196
0.196
0.195
0.195
0.195
0.195
0.195
0.195
0.195
0.195
0.195
0.195
0.195
0.194
0.194
0.194
0.194
0.194
0.194
0.194
0.194
0.194
0.194
0.193
0.193
0.193
0.193
0.193
0.193
0.193
0.193
0.193
0.193
0.193
0.192
0.192
0.192
0.192
0.192
0.192
0.192
0.192
0.192
0.192
0.192
0.191
0.191
0.191
0.191
0.191
0.191
0.191
0.191
0.191
0.191
0.191
0.190
0.190
0.190
0.190
0.190
0.190
0.190
0.190
0.190
0.190
0.190
0.190
0.189
0.189
0.189
0.189
0.189
0.189
0.189
0.189
0.189
0.189
0.189
0.189
0.188
0.188
0.188
0.188
0.188
0.188
0.188
0.188
0.188
0.188
0.188
0.188
0.187
0.187
0.187
0.187
0.187
0.187
0.187
0.187
0.187
0.187
0.187
0.187
0.187
0.186
0.186
0.186
0.186
0.186
0.186
0.186
0.186
0.186
0.186
0.186
0.186
0.186
0.185
0.185
0.185
0.185
0.185
0.185
0.185
0.185
0.185
0.185
0.185
0.185
0.185
0.185
0.184
0.184
0.184
0.184
0.184
0.184
0.184
0.184
0.184
0.184
0.184
0.184
0.184
0.184
0.183
0.183
0.183
0.183
0.183
0.183
0.183
0.183
0.183
0.183
0.183
0.183
0.183
0.183
0.183
0.182
0.182
0.182
0.182
0.182
0.182
0.182
0.182
0.182
0.182
0.182
0.182
0.182
0.182
0.182
0.182
0.181
0.181
0.181
0.181
0.181
0.181
0.181
0.181
0.181
0.181
0.181
0.181
0.181
0.181
0.181
0.181
0.180
0.180
0.180
0.180
0.180
0.180
0.180
0.180
0.180
0.180
0.180
0.180
0.180
0.180
0.180
0.180
0.180
0.179
0.179
0.179
0.179
0.179
0.179
0.179
0.179
0.179
0.179
0.179
0.179
0.179
0.179
0.179
0.179
0.179
0.179
0.179
0.178
0.178
0.178
0.178
0.178
0.178
0.178
0.178
0.178
0.178
0.178
0.178
0.178
0.178
0.178
0.178
0.178
0.178
0.178
0.177
0.177
0.177
0.177
0.177
0.177
0.177
0.177
0.177
0.177
0.177
0.177
0.177
0.177
0.177
0.177
0.177
0.177
0.177
0.177
0.177
0.177
0.176
0.176
0.176
0.176
0.176
0.176
0.176
0.176
0.176
0.176
0.176
0.176
0.176
0.176
0.176
0.176
0.176
0.176
0.176
0.176
0.176
0.176
0.176
0.176
0.175
0.175
0.175
0.175
0.175
0.175
0.175
0.175
0.175
0.175
0.175
0.175
0.175
0.175
0.175
0.175
0.175
0.175
0.175
0.175
0.175
0.175
0.175
0.175
0.175
0.175
0.175
0.175
0.174
0.174
0.174
0.174
0.174
0.174
0.174
0.174
0.174
0.174
0.174
0.174
0.174
0.174
0.174
0.174
0.174
0.174
0.174
0.174
0.174
0.174
0.174
0.174
0.174
0.174
0.174
0.174
0.174
0.174
0.174
0.174
0.174
0.173
0.173
0.173
0.173
0.173
0.173
0.173
0.173
0.173
0.173
0.173
0.173
0.173
0.173
0.173
0.173
0.173
0.173
0.173
0.173
0.173
0.173
0.173
0.173
0.173
0.173
0.173
0.173
0.173
0.173
0.173
0.173
0.173
0.173
0.173
0.173
0.173
0.173
0.173
0.173
0.173
0.173
0.173
0.173
0.173
0.172
0.172
0.172
0.172
0.172
0.172
0.172
0.172
0.172
0.172
0.172
0.172
0.172
0.172
0.172
0.172
0.172
0.172
0.172
0.172
0.172
0.172
0.172
0.172
0.172
0.172
0.172
0.172
0.172
0.172
0.172
0.172
0.172
0.172
0.172
0.172
0.172
0.172
0.172
0.172
0.172
0.172
0.172
0.172
0.172
0.172
0.172
0.172
0.172
0.172
0.172
0.172
0.172
0.172
0.172
0.172
0.172
0.172
0.172
0.172
0.172
0.172
0.172
0.172
0.172
0.172
0.172
0.172
0.172
0.172
0.172
0.172
0.172
0.172
0.172
0.172
0.172
0.172
0.172
0.172
0.172
0.172
0.172
0.172
0.172
0.172
0.172
0.172
0.172
0.172
0.172
0.172
0.172
0.172
0.172
0.172
0.172
0.172
0.172
0.172
0.172
0.172
0.172
0.172
0.172
0.172
0.172
0.172
0.172
0.172
0.172
0.172
0.172
0.172
0.172
0.172
0.172
0.172
0.172
0.172
0.172
0.172
0.172
0.172
0.172
0.172
0.172
0.172
0.172
0.172
0.172
0.172
0.172
0.172
0.172
0.172
0.172
0.172
0.172
0.172
0.172
0.172
0.172
0.172
0.172
0.172
0.172
0.172
0.172
0.172
0.172
0.172
0.172
0.172
0.172
0.172
0.172
0.172
0.172
0.172
0.172
0.172
0.172
0.172
0.172
0.172
0.172
0.172
0.172
0.172
0.172
0.172
0.172
0.172
0.172
0.173
0.173
0.173
0.173
0.173
0.173
0.173
0.173
0.173
0.173
0.173
0.173
0.173
0.173
0.173
0.173
0.173
0.173
0.173
0.173
0.173
0.173
0.173
0.173
0.173
0.173
0.173
0.173
0.173
0.173
0.173
0.173
0.173
0.173
0.173
0.173
0.173
0.173
0.173
0.173
0.173
0.173
0.173
0.173
0.173
0.174
0.174
0.174
0.174
0.174
0.174
0.174
0.174
0.174
0.174
0.174
0.174
0.174
0.174
0.174
0.174
0.174
0.174
0.174
0.174
0.174
0.174
0.174
0.174
0.174
0.174
0.174
0.174
0.174
0.174
0.174
0.174
0.174
0.175
0.175
0.175
0.175
0.175
0.175
0.175
0.175
0.175
0.175
0.175
0.175
0.175
0.175
0.175
0.175
0.175
0.175
0.175
0.175
0.175
0.175
0.175
0.175
0.175
0.175
0.175
0.175
0.176
0.176
0.176
0.176
0.176
0.176
0.176
0.176
0.176
0.176
0.176
0.176
0.176
0.176
0.176
0.176
0.176
0.176
0.176
0.176
0.176
0.176
0.176
0.176
0.177
0.177
0.177
0.177
0.177
0.177
0.177
0.177
0.177
0.177
0.177
0.177
0.177
0.177
0.177
0.177
0.177
0.177
0.177
0.177
0.177
0.177
0.178
0.178
0.178
0.178
0.178
0.178
0.178
0.178
0.178
0.178
0.178
0.178
0.178
0.178
0.178
0.178
0.178
0.178
0.178
0.179
0.179
0.179
0.179
0.179
0.179
0.179
0.179
0.179
0.179
0.179
0.179
0.179
0.179
0.179
0.179
0.179
0.179
0.179
0.180
0.180
0.180
0.180
0.180
0.180
0.180
0.180
0.180
0.180
0.180
0.180
0.180
0.180
0.180
0.180
0.180
0.181
0.181
0.181
0.181
0.181
0.181
0.181
0.181
0.181
0.181
0.181
0.181
0.181
0.181
0.181
0.181
0.182
0.182
0.182
0.182
0.182
0.182
0.182
0.182
0.182
0.182
0.182
0.182
0.182
0.182
0.182
0.182
0.183
0.183
0.183
0.183
0.183
0.183
0.183
0.183
0.183
0.183
0.183
0.183
0.183
0.183
0.183
0.184
0.184
0.184
0.184
0.184
0.184
0.184
0.184
0.184
0.184
0.184
0.184
0.184
0.184
0.185
0.185
0.185
0.185
0.185
0.185
0.185
0.185
0.185
0.185
0.185
0.185
0.185
0.185
0.186
0.186
0.186
0.186
0.186
0.186
0.186
0.186
0.186
0.186
0.186
0.186
0.186
0.187
0.187
0.187
0.187
0.187
0.187
0.187
0.187
0.187
0.187
0.187
0.187
0.187
0.188
0.188
0.188
0.188
0.188
0.188
0.188
0.188
0.188
0.188
0.188
0.188
0.189
0.189
0.189
0.189
0.189
0.189
0.189
0.189
0.189
0.189
0.189
0.189
0.190
0.190
0.190
0.190
0.190
0.190
0.190
0.190
0.190
0.190
0.190
0.190
0.191
0.191
0.191
0.191
0.191
0.191
0.191
0.191
0.191
0.191
0.191
0.192
0.192
0.192
0.192
0.192
0.192
0.192
0.192
0.192
0.192
0.192
0.193
0.193
0.193
0.193
0.193
0.193
0.193
0.193
0.193
0.193
0.193
0.194
0.194
0.194
0.194
0.194
0.194
0.194
0.194
0.194
0.194
0.195
0.195
0.195
0.195
0.195
0.195
0.195
0.195
0.195
0.195
0.195
0.196
0.196
0.196
0.196
0.196
0.196
0.196
0.196
0.196
0.196
0.197
0.197
0.197
0.197
0.197
0.197
0.197
0.197
0.197
0.197
0.198
0.198
0.198
0.198
0.198
0.198
0.198
0.198
0.198
0.199
0.199
0.199
0.199
0.199
0.199
0.199
0.199
0.199
0.199
0.200
0.200
0.200
0.200
0.200
0.200
0.200
0.200
0.200
0.201
0.201
0.201
0.201
0.201
0.201
0.201
0.201
0.201
0.202
0.202
0.202
0.202
0.202
0.202
0.202
0.202
0.202
0.203
0.203
0.203
0.203
0.203
0.203
0.203
0.203
0.203
0.204
0.204
0.204
0.204
0.204
0.204
0.204
0.204
0.204
0.205
0.205
0.205
0.205
0.205
0.205
0.205
0.205
0.206
0.206
0.206
0.206
0.206
0.206
0.206
0.206
0.206
0.207
0.207
0.207
0.207
0.207
0.207
0.207
0.207
0.208
0.208
0.208
0.208
0.208
0.208
0.208
0.208
0.209
0.209
0.209
0.209
0.209
0.209
0.209
0.209
0.210
0.210
0.210
0.210
0.210
0.210
0.210
0.210
0.211
0.211
0.211
0.211
0.211
0.211
0.211
0.211
0.212
0.212
0.212
0.212
0.212
0.212
0.212
0.212
0.213
0.213
0.213
0.213
0.213
0.213
0.213
0.213
0.214
0.214
0.214
0.214
0.214
0.214
0.214
0.215
0.215
0.215
0.215
0.215
0.215
0.215
0.215
0.216
0.216
0.216
0.216
0.216
0.216
0.216
0.217
0.217
0.217
0.217
0.217
0.217
0.217
0.217
0.218
0.218
0.218
0.218
0.218
0.218
0.218
0.219
0.219
0.219
0.219
0.219
0.219
0.219
0.220
0.220
0.220
0.220
0.220
0.220
0.220
0.221
0.221
0.221
0.221
0.221
0.221
0.221
0.222
0.222
0.222
0.222
0.222
0.222
0.222
0.223
0.223
0.223
0.223
0.223
0.223
0.223
0.224
0.224
0.224
0.224
0.224
0.224
0.225
0.225
0.225
0.225
0.225
0.225
0.225
0.226
0.226
0.226
0.226
0.226
0.226
0.226
0.227
0.227
0.227
0.227
0.227
0.227
0.228
0.228
0.228
0.228
0.228
0.228
0.228
0.229
0.229
0.229
0.229
0.229
0.229
0.230
0.230
0.230
0.230
0.230
0.230
0.230
0.231
0.231
0.231
0.231
0.231
0.231
0.232
0.232
0.232
0.232
0.232
0.232
0.233
0.233
0.233
0.233
0.233
0.233
0.234
0.234
0.234
0.234
0.234
0.234
0.234
0.235
0.235
0.235
0.235
0.235
0.235
0.236
0.236
0.236
0.236
0.236
0.236
0.237
0.237
0.237
0.237
0.237
0.237
0.238
0.238
0.238
0.238
0.238
0.238
0.239
0.239
0.239
0.239
0.239
0.239
0.240
0.240
0.240
0.240
0.240
0.241
0.241
0.241
0.241
0.241
0.241
0.242
0.242
0.242
0.242
0.242
0.242
0.243
0.243
0.243
0.243
0.243
0.243
0.244
0.244
0.244
0.244
0.244
0.245
0.245
0.245
0.245
0.245
0.245
0.246
0.246
0.246
0.246
0.246
0.247
0.247
0.247
0.247
0.247
0.247
0.248
0.248
0.248
0.248
0.248
0.248
0.249
0.249
0.249
0.249
0.249
0.250
0.250
0.250
0.250
0.250
0.251
0.251
0.251
0.251
0.251
0.251
0.252
0.252
0.252
0.252
0.252
0.253
0.253
0.253
0.253
0.253
0.254
0.254
0.254
0.254
0.254
0.254
0.255
0.255
0.255
0.255
0.255
0.256
0.256
0.256
0.256
0.256
0.257
0.257
0.257
0.257
0.257
0.258
0.258
0.258
0.258
0.258
0.259
0.259
0.259
0.259
0.259
0.260
0.260
0.260
0.260
0.260
0.261
0.261
0.261
0.261
0.261
0.262
0.262
0.262
0.262
0.262
0.263
0.263
0.263
0.263
0.263
0.264
0.264
0.264
0.264
0.264
0.265
0.265
0.265
0.265
0.265
0.266
0.266
0.266
0.266
0.266
0.267
0.267
0.267
0.267
0.267
0.268
0.268
0.268
0.268
0.269
0.269
0.269
0.269
0.269
0.270
0.270
0.270
0.270
0.270
0.271
0.271
0.271
0.271
0.272
0.272
0.272
0.272
0.272
0.273
0.273
0.273
0.273
0.273
0.274
0.274
0.274
0.274
0.275
0.275
0.275
0.275
0.275
0.276
0.276
0.276
0.276
0.277
0.277
0.277
0.277
0.277
0.278
0.278
0.278
0.278
0.279
0.279
0.279
0.279
0.279
0.280
0.280
0.280
0.280
0.281
0.281
0.281
0.281
0.281
0.282
0.282
0.282
0.282
0.283
0.283
0.283
0.283
0.283
0.284
0.284
0.284
0.284
0.285
0.285
0.285
0.285
0.286
0.286
0.286
0.286
0.287
0.287
0.287
0.287
0.287
0.288
0.288
0.288
0.288
0.289
0.289
0.289
0.289
0.290
0.290
0.290
0.290
0.291
0.291
0.291
0.291
0.292
0.292
0.292
0.292
0.292
0.293
0.293
0.293
0.293
0.294
0.294
0.294
0.294
0.295
0.295
0.295
0.295
0.296
0.296
0.296
0.296
0.297
0.297
0.297
0.297
0.298
0.298
0.298
0.298
0.299
0.299
0.299
0.299
0.300
0.300
0.300
0.300
0.301
0.301
0.301
0.301
0.302
0.302
0.302
0.302
0.303
0.303
0.303
0.303
0.304
0.304
0.304
0.304
0.305
0.305
0.305
0.305
0.306
0.306
0.306
0.307
0.307
0.307
0.307
0.308
0.308
0.308
0.308
0.309
0.309
0.309
0.309
0.310
0.310
0.310
0.310
0.311
0.311
0.311
0.312
0.312
0.312
0.312
0.313
0.313
0.313
0.313
0.314
0.314
0.314
0.315
0.315
0.315
0.315
0.316
0.316
0.316
0.316
0.317
0.317
0.317
0.318
0.318
0.318
0.318
0.319
0.319
0.319
0.319
0.320
0.320
0.320
0.321
0.321
0.321
0.321
0.322
0.322
0.322
0.323
0.323
0.323
0.323
0.324
0.324
0.324
0.324
0.325
0.325
0.325
0.326
0.326
0.326
0.326
0.327
0.327
0.327
0.328
0.328
0.328
0.329
0.329
0.329
0.329
0.330
0.330
0.330
0.331
0.331
0.331
0.331
0.332
0.332
0.332
0.333
0.333
0.333
0.333
0.334
0.334
0.334
0.335
0.335
0.335
0.336
0.336
0.336
0.336
0.337
0.337
0.337
0.338
0.338
0.338
0.339
0.339
0.339
0.340
0.340
0.340
0.340
0.341
0.341
0.341
0.342
0.342
0.342
0.343
0.343
0.343
0.343
0.344
0.344
0.344
0.345
0.345
0.345
0.346
0.346
0.346
0.347
0.347
0.347
0.348
0.348
0.348
0.349
0.349
0.349
0.349
0.350
0.350
0.350
0.351
0.351
0.351
0.352
0.352
0.352
0.353
0.353
0.353
0.354
0.354
0.354
0.355
0.355
0.355
0.356
0.356
0.356
0.357
0.357
0.357
0.358
0.358
0.358
0.359
0.359
0.359
0.360
0.360
0.360
0.361
0.361
0.361
0.362
0.362
0.362
0.363
0.363
0.363
0.364
0.364
0.364
0.365
0.365
0.365
0.366
0.366
0.366
0.367
0.367
0.367
0.368
0.368
0.368
0.369
0.369
0.369
0.370
0.370
0.370
0.371
0.371
0.371
0.372
0.372
0.372
0.373
0.373
0.374
0.374
0.374
0.375
0.375
0.375
0.376
0.376
0.376
0.377
0.377
0.377
0.378
0.378
0.378
0.379
0.379
0.380
0.380
0.380
0.381
0.381
0.381
0.382
0.382
0.382
0.383
0.383
0.384
0.384
0.384
0.385
0.385
0.385
0.386
0.386
0.386
0.387
0.387
0.388
0.388
0.388
0.389
0.389
0.389
0.390
0.390
0.391
0.391
0.391
0.392
0.392
0.392
0.393
0.393
0.394
0.394
0.394
0.395
0.395
0.395
0.396
0.396
0.397
0.397
0.397
0.398
0.398
0.399
0.399
0.399
0.400
0.400
0.400
0.401
0.401
0.402
0.402
0.402
0.403
0.403
0.404
0.404
0.404
0.405
0.405
0.406
0.406
0.406
0.407
0.407
0.408
0.408
0.408
0.409
0.409
0.410
0.410
0.410
0.411
0.411
0.412
0.412
0.412
0.413
0.413
0.414
0.414
0.414
0.415
0.415
0.416
0.416
0.416
0.417
0.417
0.418
0.418
0.419
0.419
0.419
0.420
0.420
0.421
0.421
0.421
0.422
0.422
0.423
0.423
0.424
0.424
0.424
0.425
0.425
0.426
0.426
0.427
0.427
0.427
0.428
0.428
0.429
0.429
0.430
0.430
0.430
0.431
0.431
0.432
0.432
0.433
0.433
0.433
0.434
0.434
0.435
0.435
0.436
0.436
0.437
0.437
0.437
0.438
0.438
0.439
0.439
0.440
0.440
0.441
0.441
0.441
0.442
0.442
0.443
0.443
0.444
0.444
0.445
0.445
0.446
0.446
0.446
0.447
0.447
0.448
0.448
0.449
0.449
0.450
0.450
0.451
0.451
0.451
0.452
0.452
0.453
0.453
0.454
0.454
0.455
0.455
0.456
0.456
0.457
0.457
0.458
0.458
0.459
0.459
0.459
0.460
0.460
0.461
0.461
0.462
0.462
0.463
0.463
0.464
0.464
0.465
0.465
0.466
0.466
0.467
0.467
0.468
0.468
0.469
0.469
0.470
0.470
0.471
0.471
0.472
0.472
0.473
0.473
0.474
0.474
0.475
0.475
0.476
0.476
0.477
0.477
0.478
0.478
0.479
0.479
0.480
0.480
0.481
0.481
0.482
0.482
0.483
0.483
0.484
0.484
0.485
0.485
0.486
0.486
0.487
0.487
0.488
0.488
0.489
0.489
0.490
0.490
0.491
0.491
0.492
0.493
0.493
0.494
0.494
0.495
0.495
0.496
0.496
0.497
0.497
0.498
0.498
0.499
0.499
0.500
0.501
0.501
0.502
0.502
0.503
0.503
0.504
0.504
0.505
0.505
0.506
0.507
0.507
0.508
0.508
0.509
0.509
0.510
0.510
0.511
0.511
0.512
0.513
0.513
0.514
0.514
0.515
0.515
0.516
0.517
0.517
0.518
0.518
0.519
0.519
0.520
0.521
0.521
0.522
0.522
0.523
0.523
0.524
0.525
0.525
0.526
0.526
0.527
0.527
0.528
0.529
0.529
0.530
0.530
0.531
0.532
0.532
0.533
0.533
0.534
0.535
0.535
0.536
0.536
0.537
0.538
0.538
0.539
0.539
0.540
0.541
0.541
0.542
0.542
0.543
0.544
0.544
0.545
0.545
0.546
0.547
0.547
0.548
0.548
0.549
0.550
0.550
0.551
0.552
0.552
0.553
0.553
0.554
0.555
0.555
0.556
0.557
0.557
0.558
0.559
0.559
0.560
0.560
0.561
0.562
0.562
0.563
0.564
0.564
0.565
0.566
0.566
0.567
0.568
0.568
0.569
0.569
0.570
0.571
0.571
0.572
0.573
0.573
0.574
0.575
0.575
0.576
0.577
0.577
0.578
0.579
0.579
0.580
0.581
0.581
0.582
0.583
0.583
0.584
0.585
0.586
0.586
0.587
0.588
0.588
0.589
0.590
0.590
0.591
0.592
0.592
0.593
0.594
0.594
0.595
0.596
0.597
0.597
0.598
0.599
0.599
0.600
0.601
0.602
0.602
0.603
0.604
0.604
0.605
0.606
0.607
0.607
0.608
0.609
0.609
0.610
0.611
0.612
0.612
0.613
0.614
0.614
0.615
0.616
0.617
0.617
0.618
0.619
0.620
0.620
0.621
0.622
0.623
0.623
0.624
0.625
0.626
0.626
0.627
0.628
0.629
0.629
0.630
0.631
0.632
0.632
0.633
0.634
0.635
0.636
0.636
0.637
0.638
0.639
0.639
0.640
0.641
0.642
0.643
0.643
0.644
0.645
0.646
0.646
0.647
0.648
0.649
0.650
0.650
0.651
0.652
0.653
0.654
0.654
0.655
0.656
0.657
0.658
0.659
0.659
0.660
0.661
0.662
0.663
0.663
0.664
0.665
0.666
0.667
0.668
0.668
0.669
0.670
0.671
0.672
0.673
0.673
0.674
0.675
0.676
0.677
0.678
0.678
0.679
0.680
0.681
0.682
0.683
0.684
0.684
0.685
0.686
0.687
0.688
0.689
0.690
0.691
0.691
0.692
0.693
0.694
0.695
0.696
0.697
0.698
0.699
0.699
0.700
0.701
0.702
0.703
0.704
0.705
0.706
0.707
0.707
0.708
0.709
0.710
0.711
0.712
0.713
0.714
0.715
0.716
0.717
0.718
0.719
0.719
0.720
0.721
0.722
0.723
0.724
0.725
0.726
0.727
0.728
0.729
0.730
0.731
0.732
0.733
0.734
0.735
0.736
0.737
0.737
0.738
0.739
0.740
0.741
0.742
0.743
0.744
0.745
0.746
0.747
0.748
0.749
0.750
0.751
0.752
0.753
0.754
0.755
0.756
0.757
0.758
0.759
0.760
0.761
0.762
0.763
0.764
0.765
0.766
0.767
0.768
0.769
0.770
0.772
0.773
0.774
0.775
0.776
0.777
0.778
0.779
0.780
0.781
0.782
0.783
0.784
0.785
0.786
0.787
0.788
0.789
0.791
0.792
0.793
0.794
0.795
0.796
0.797
0.798
0.799
0.800
0.801
0.802
0.804
0.805
0.806
0.807
0.808
0.809
0.810
0.811
0.812
0.814
0.815
0.816
0.817
0.818
0.819
0.820
0.822
0.823
0.824
0.825
0.826
0.827
0.828
0.830
0.831
0.832
0.833
0.834
0.835
0.837
0.838
0.839
0.840
0.841
0.843
0.844
0.845
0.846
0.847
0.848
0.850
0.851
0.852
0.853
0.855
0.856
0.857
0.858
0.859
0.861
0.862
0.863
0.864
0.866
0.867
0.868
0.869
0.871
0.872
0.873
0.874
0.876
0.877
0.878
0.879
0.881
0.882
0.883
0.884
0.886
0.887
0.888
0.890
0.891
0.892
0.893
0.895
0.896
0.897
0.899
0.900
0.901
0.903
0.904
0.905
0.907
0.908
0.909
0.911
0.912
0.913
0.915
0.916
0.917
0.919
0.920
0.921
0.923
0.924
0.926
0.927
0.928
0.930
0.931
0.933
0.934
0.935
0.937
0.938
0.940
0.941
0.942
0.944
0.945
0.947
0.948
0.949
0.951
0.952
0.954
0.955
0.957
0.958
0.960
0.961
0.962
0.964
0.965
0.967
0.968
0.970
0.971
0.973
0.974
0.976
0.977
0.979
0.980
0.982
0.983
0.985
0.986
0.988
0.989
0.991
0.992
0.994
0.996
0.997
0.999
1.000
1.002
1.003
1.005
1.006
1.008
1.010
1.011
1.013
1.014
1.016
1.018
1.019
1.021
1.022
1.024
1.026
1.027
1.029
1.030
1.032
1.034
1.035
1.037
1.039
1.040
1.042
1.044
1.045
1.047
1.049
1.050
1.052
1.054
1.055
1.057
1.059
1.060
1.062
1.064
1.066
1.067
1.069
1.071
1.073
1.074
1.076
1.078
1.079
1.081
1.083
1.085
1.087
1.088
1.090
1.092
1.094
1.095
1.097
1.099
1.101
1.103
1.105
1.106
1.108
1.110
1.112
1.114
1.116
1.117
1.119
1.121
1.123
1.125
1.127
1.129
1.130
1.132
1.134
1.136
1.138
1.140
1.142
1.144
1.146
1.148
1.150
1.152
1.154
1.155
1.157
1.159
1.161
1.163
1.165
1.167
1.169
1.171
1.173
1.175
1.177
1.179
1.181
1.183
1.185
1.187
1.190
1.192
1.194
1.196
1.198
1.200
1.202
1.204
1.206
1.208
1.210
1.212
1.215
1.217
1.219
1.221
1.223
1.225
1.227
1.230
1.232
1.234
1.236
1.238
1.240
1.243
1.245
1.247
1.249
1.251
1.254
1.256
1.258
1.260
1.263
1.265
1.267
1.270
1.272
1.274
1.276
1.279
1.281
1.283
1.286
1.288
1.290
1.293
1.295
1.297
1.300
1.302
1.304
1.307
1.309
1.312
1.314
1.316
1.319
1.321
1.324
1.326
1.329
1.331
1.334
1.336
1.338
1.341
1.343
1.346
1.348
1.351
1.354
1.356
1.359
1.361
1.364
1.366
1.369
1.371
1.374
1.377
1.379
1.382
1.384
1.387
1.390
1.392
1.395
1.398
1.400
1.403
1.406
1.408
1.411
1.414
1.417
1.419
1.422
1.425
1.427
1.430
1.433
1.436
1.439
1.441
1.444
1.447
1.450
1.453
1.456
1.458
1.461
1.464
1.467
1.470
1.473
1.476
1.479
1.482
1.484
1.487
1.490
1.493
1.496
1.499
1.502
1.505
1.508
1.511
1.514
1.517
1.520
1.524
1.527
1.530
1.533
1.536
1.539
1.542
1.545
1.548
1.552
1.555
1.558
1.561
1.564
1.568
1.571
1.574
1.577
1.581
1.584
1.587
1.590
1.594
1.597
1.600
1.604
1.607
1.610
1.614
1.617
1.621
1.624
1.627
1.631
1.634
1.638
1.641
1.645
1.648
1.652
1.655
1.659
1.662
1.666
1.669
1.673
1.677
1.680
1.684
1.687
1.691
1.695
1.698
1.702
1.706
1.709
1.713
1.717
1.721
1.724
1.728
1.732
1.736
1.740
1.743
1.747
1.751
1.755
1.759
1.763
1.767
1.771
1.775
1.779
1.783
1.787
1.791
1.795
1.799
1.803
1.807
1.811
1.815
1.819
1.823
1.827
1.832
1.836
1.840
1.844
1.848
1.853
1.857
1.861
1.866
1.870
1.874
1.879
1.883
1.887
1.892
1.896
1.901
1.905
1.909
1.914
1.918
1.923
1.927
1.932
1.937
1.941
1.946
1.950
1.955
1.960
1.964
1.969
1.974
1.979
1.983
1.988
1.993
1.998
2.003
2.008
2.012
2.017
2.022
2.027
2.032
2.037
2.042
2.047
2.052
2.057
2.062
2.068
2.073
2.078
2.083
2.088
2.093
2.099
2.104
2.109
2.115
2.120
2.125
2.131
2.136
2.141
2.147
2.152
2.158
2.163
2.169
2.175
2.180
2.186
2.191
2.197
2.203
2.208
2.214
2.220
2.226
2.232
2.237
2.243
2.249
2.255
2.261
2.267
2.273
2.279
2.285
2.291
2.297
2.304
2.310
2.316
2.322
2.328
2.335
2.341
2.347
2.354
2.360
2.367
2.373
2.380
2.386
2.393
2.399
2.406
2.413
2.419
2.426
2.433
2.440
2.446
2.453
2.460
2.467
2.474
2.481
2.488
2.495
2.502
2.509
2.516
2.524
2.531
2.538
2.545
2.553
2.560
2.568
2.575
2.583
2.590
2.598
2.605
2.613
2.621
2.628
2.636
2.644
2.652
2.660
2.667
2.675
2.683
2.691
2.700
2.708
2.716
2.724
2.732
2.741
2.749
2.757
2.766
2.774
2.783
2.791
2.800
2.809
2.817
2.826
2.835
2.844
2.853
2.862
2.871
2.880
2.889
2.898
2.907
2.916
2.926
2.935
2.945
2.954
2.964
2.973
2.983
2.992
3.002
3.012
3.022
3.032
3.042
3.052
3.062
3.072
3.082
3.092
3.103
3.113
3.123
3.134
3.145
3.155
3.166
3.177
3.187
3.198
3.209
3.220
3.231
3.243
3.254
3.265
3.276
3.288
3.299
3.311
3.323
3.334
3.346
3.358
3.370
3.382
3.394
3.406
3.418
3.431
3.443
3.455
3.468
3.481
3.493
3.506
3.519
3.532
3.545
3.558
3.572
3.585
3.598
3.612
3.625
3.639
3.653
3.667
3.681
3.695
3.709
3.723
3.737
3.752
3.766
3.781
3.796
3.811
3.826
3.841
3.856
3.871
3.886
3.902
3.918
3.933
3.949
3.965
3.981
3.997
4.014
4.030
4.047
4.063
4.080
4.097
4.114
4.131
4.148
4.166
4.183
4.201
4.219
4.237
4.255
4.273
4.292
4.310
4.329
4.348
4.367
4.386
4.405
4.424
4.444
4.464
4.484
4.504
4.524
4.544
4.565
4.586
4.606
4.627
4.649
4.670
4.692
4.714
4.735
4.758
4.780
4.803
4.825
4.848
4.871
4.895
4.918
4.942
4.966
4.990
5.014
5.039
5.064
5.089
5.114
5.139
5.165
5.191
5.217
5.244
5.270
5.297
5.325
5.352
5.380
5.408
5.436
5.465
5.493
5.522
5.552
5.581
5.611
5.642
5.672
5.703
5.734
5.765
5.797
5.829
5.862
5.895
5.928
5.961
5.995
6.029
6.064
6.098
6.134
6.169
6.205
6.242
6.279
6.316
6.353
6.391
6.430
6.469
6.508
6.548
6.588
6.629
6.670
6.712
6.754
6.796
6.839
6.883
6.927
6.972
7.017
7.063
7.109
7.156
7.204
7.252
7.300
7.350
7.400
7.450
7.501
7.553
7.606
7.659
7.713
7.767
7.823
7.879
7.936
7.993
8.052
8.111
8.171
8.232
8.294
8.357
8.420
8.485
8.550
8.616
8.684
8.752
8.821
8.892
8.963
9.036
9.109
9.184
9.260
9.337
9.416
9.495
9.576
9.658
9.742
9.827
9.913
10.001
10.090
10.181
10.274
10.368
10.463
10.561
10.660
10.761
10.863
10.968
11.074
11.183
11.294
11.406
11.521
11.638
11.757
11.879
12.003
12.130
12.259
12.391
12.525
12.663
12.803
12.947
13.093
13.243
13.396
13.552
13.712
13.876
14.043
14.214
14.390
14.569
14.753
14.942
15.135
15.333
15.536
15.745
15.958
16.178
16.403
16.635
16.873
17.117
17.369
17.628
17.894
18.169
18.451
18.742
19.043
19.352
19.672
20.002
20.343
20.696
21.060
21.438
21.829
22.233
22.653
23.088
23.541
24.010
24.498
25.006
25.536
26.087
26.662
27.262
27.890
28.546
29.234
29.954
30.711
31.505
32.341
33.222
34.151
35.133
36.171
37.272
38.440
39.684
41.008
42.423
43.938
45.562
47.310
49.196
51.236
53.450
55.861
58.498
61.393
64.586
68.125
72.071
76.498
81.498
87.192
93.734
101.330
110.255
120.892
133.788
149.745
170.001
196.563
232.919
285.712
369.342
521.974
888.976
2987.123
2199.963
804.453
492.414
354.893
277.478
227.830
193.282
167.855
148.357
132.932
120.423
110.076
101.375
93.955
87.554
81.974
77.068
72.720
68.840
65.357
62.212
59.359
56.758
54.379
52.193
50.177
48.314
46.586
44.978
43.480
42.079
40.767
39.536
38.378
37.287
36.258
35.284
34.363
33.489
32.660
31.871
31.121
30.405
29.723
29.071
28.448
27.851
27.280
26.732
26.206
25.701
25.216
24.749
24.300
23.867
23.449
23.047
22.658
22.283
21.920
21.569
21.230
20.902
20.583
20.275
19.976
19.686
19.405
19.132
18.867
18.609
18.359
18.115
17.878
17.648
17.423
17.205
16.992
16.784
16.582
16.385
16.192
16.004
15.821
15.642
15.468
15.297
15.130
14.967
14.808
14.652
14.500
14.350
14.205
14.062
13.922
13.785
13.651
13.519
13.391
13.265
13.141
13.020
12.901
12.784
12.670
12.557
12.447
12.339
12.233
12.129
12.026
11.926
11.827
11.730
11.635
11.541
11.449
11.358
11.269
11.182
11.096
11.011
10.928
10.846
10.765
10.686
10.607
10.531
10.455
10.380
10.307
10.235
10.163
10.093
10.024
9.956
9.889
9.823
9.758
9.693
9.630
9.568
9.506
9.445
9.386
9.327
9.268
9.211
9.154
9.098
9.043
8.989
8.935
8.882
8.830
8.778
8.727
8.676
8.627
8.578
8.529
8.481
8.434
8.387
8.341
8.295
8.250
8.206
8.162
8.119
8.076
8.033
7.991
7.950
7.909
7.868
7.828
7.789
7.749
7.711
7.672
7.634
7.597
7.560
7.523
7.487
7.451
7.416
7.381
7.346
7.312
7.278
7.244
7.211
7.178
7.145
7.113
7.081
7.049
7.018
6.987
6.956
6.926
6.896
6.866
6.837
6.808
6.779
6.750
6.722
6.694
6.666
6.638
6.611
6.584
6.557
6.531
6.504
6.478
6.452
6.427
6.402
6.376
6.352
6.327
6.303
6.278
6.254
6.231
6.207
6.184
6.160
6.137
6.115
6.092
6.070
6.048
6.026
6.004
5.982
5.961
5.940
5.918
5.898
5.877
5.856
5.836
5.816
5.796
5.776
5.756
5.736
5.717
5.698
5.679
5.660
5.641
5.622
5.604
5.585
5.567
5.549
5.531
5.513
5.496
5.478
5.461
5.444
5.427
5.410
5.393
5.376
5.359
5.343
5.326
5.310
5.294
5.278
5.262
5.246
5.231
5.215
5.200
5.185
5.169
5.154
5.139
5.124
5.110
5.095
5.080
5.066
5.052
5.037
5.023
5.009
4.995
4.981
4.967
4.954
4.940
4.927
4.913
4.900
4.887
4.874
4.861
4.848
4.835
4.822
4.809
4.797
4.784
4.772
4.759
4.747
4.735
4.723
4.711
4.699
4.687
4.675
4.663
4.652
4.640
4.629
4.617
4.606
4.594
4.583
4.572
4.561
4.550
4.539
4.528
4.517
4.507
4.496
4.485
4.475
4.464
4.454
4.444
4.433
4.423
4.413
4.403
4.393
4.383
4.373
4.363
4.353
4.343
4.334
4.324
4.314
4.305
4.295
4.286
4.277
4.267
4.258
4.249
4.240
4.231
4.222
4.213
4.204
4.195
4.186
4.177
4.169
4.160
4.151
4.143
4.134
4.126
4.117
4.109
4.101
4.092
4.084
4.076
4.068
4.060
4.051
4.043
4.035
4.028
4.020
4.012
4.004
3.996
3.988
3.981
3.973
3.966
3.958
3.950
3.943
3.936
3.928
3.921
3.914
3.906
3.899
3.892
3.885
3.877
3.870
3.863
3.856
3.849
3.842
3.836
3.829
3.822
3.815
3.808
3.802
3.795
3.788
3.782
3.775
3.768
3.762
3.755
3.749
3.742
3.736
3.730
3.723
3.717
3.711
3.705
3.698
3.692
3.686
3.680
3.674
3.668
3.662
3.656
3.650
3.644
3.638
3.632
3.626
3.620
3.615
3.609
3.603
3.597
3.592
3.586
3.581
3.575
3.569
3.564
3.558
3.553
3.547
3.542
3.537
3.531
3.526
3.520
3.515
3.510
3.505
3.499
3.494
3.489
3.484
3.479
3.474
3.469
3.463
3.458
3.453
3.448
3.443
3.438
3.434
3.429
3.424
3.419
3.414
3.409
3.405
3.400
3.395
3.390
3.386
3.381
3.376
3.372
3.367
3.362
3.358
3.353
3.349
3.344
3.340
3.335
3.331
3.326
3.322
3.318
3.313
3.309
3.305
3.300
3.296
3.292
3.287
3.283
3.279
3.275
3.271
3.267
3.262
3.258
3.254
3.250
3.246
3.242
3.238
3.234
3.230
3.226
3.222
3.218
3.214
3.210
3.206
3.202
3.199
3.195
3.191
3.187
3.183
3.180
3.176
3.172
3.168
3.165
3.161
3.157
3.154
3.150
3.146
3.143
3.139
3.136
3.132
3.128
3.125
3.121
3.118
3.114
3.111
3.107
3.104
3.101
3.097
3.094
3.090
3.087
3.084
3.080
3.077
3.074
3.070
3.067
3.064
3.061
3.057
3.054
3.051
3.048
3.045
3.041
3.038
3.035
3.032
3.029
3.026
3.023
3.019
3.016
3.013
3.010
3.007
3.004
3.001
2.998
2.995
2.992
2.989
2.986
2.984
2.981
2.978
2.975
2.972
2.969
2.966
2.963
2.961
2.958
2.955
2.952
2.949
2.947
2.944
2.941
2.938
2.936
2.933
2.930
2.927
2.925
2.922
2.919
2.917
2.914
2.912
2.909
2.906
2.904
2.901
2.899
2.896
2.893
2.891
2.888
2.886
2.883
2.881
2.878
2.876
2.873
2.871
2.869
2.866
2.864
2.861
2.859
2.856
2.854
2.852
2.849
2.847
2.845
2.842
2.840
2.838
2.835
2.833
2.831
2.829
2.826
2.824
2.822
2.820
2.817
2.815
2.813
2.811
2.808
2.806
2.804
2.802
2.800
2.798
2.796
2.793
2.791
2.789
2.787
2.785
2.783
2.781
2.779
2.777
2.775
2.773
2.771
2.769
2.767
2.765
2.763
2.761
2.759
2.757
2.755
2.753
2.751
2.749
2.747
2.745
2.743
2.741
2.739
2.737
2.735
2.734
2.732
2.730
2.728
2.726
2.724
2.723
2.721
2.719
2.717
2.715
2.714
2.712
2.710
2.708
2.706
2.705
2.703
2.701
2.700
2.698
2.696
2.694
2.693
2.691
2.689
2.688
2.686
2.684
2.683
2.681
2.679
2.678
2.676
2.675
2.673
2.671
2.670
2.668
2.667
2.665
2.664
2.662
2.660
2.659
2.657
2.656
2.654
2.653
2.651
2.650
2.648
2.647
2.645
2.644
2.642
2.641
2.639
2.638
2.637
2.635
2.634
2.632
2.631
2.630
2.628
2.627
2.625
2.624
2.623
2.621
2.620
2.619
2.617
2.616
2.615
2.613
2.612
2.611
2.609
2.608
2.607
2.605
2.604
2.603
2.602
2.600
2.599
2.598
2.597
2.595
2.594
2.593
2.592
2.590
2.589
2.588
2.587
2.586
2.584
2.583
2.582
2.581
2.580
2.579
2.577
2.576
2.575
2.574
2.573
2.572
2.571
2.570
2.568
2.567
2.566
2.565
2.564
2.563
2.562
2.561
2.560
2.559
2.558
2.557
2.556
2.555
2.554
2.553
2.552
2.551
2.550
2.549
2.548
2.547
2.546
2.545
2.544
2.543
2.542
2.541
2.540
2.539
2.538
2.537
2.536
2.535
2.534
2.533
2.533
2.532
2.531
2.530
2.529
2.528
2.527
2.526
2.526
2.525
2.524
2.523
2.522
2.521
2.520
2.520
2.519
2.518
2.517
2.516
2.516
2.515
2.514
2.513
2.512
2.512
2.511
2.510
2.509
2.509
2.508
2.507
2.506
2.506
2.505
2.504
2.504
2.503
2.502
2.501
2.501
2.500
2.499
2.499
2.498
2.497
2.497
2.496
2.495
2.495
2.494
2.493
2.493
2.492
2.492
2.491
2.490
2.490
2.489
2.488
2.488
2.487
2.487
2.486
2.486
2.485
2.484
2.484
2.483
2.483
2.482
2.482
2.481
2.481
2.480
2.480
2.479
2.478
2.478
2.477
2.477
2.476
2.476
2.475
2.475
2.475
2.474
2.474
2.473
2.473
2.472
2.472
2.471
2.471
2.470
2.470
2.470
2.469
2.469
2.468
2.468
2.468
2.467
2.467
2.466
2.466
2.466
2.465
2.465
2.464
2.464
2.464
2.463
2.463
2.463
2.462
2.462
2.462
2.461
2.461
2.461
2.460
2.460
2.460
2.459
2.459
2.459
2.459
2.458
2.458
2.458
2.458
2.457
2.457
2.457
2.456
2.456
2.456
2.456
2.456
2.455
2.455
2.455
2.455
2.454
2.454
2.454
2.454
2.454
2.453
2.453
2.453
2.453
2.453
2.453
2.452
2.452
2.452
2.452
2.452
2.452
2.452
2.451
2.451
2.451
2.451
2.451
2.451
2.451
2.451
2.451
2.450
2.450
2.450
2.450
2.450
2.450
2.450
2.450
2.450
2.450
2.450
2.450
2.450
2.450
2.450
2.450
2.450
2.450
2.450
2.450
