0.000
0.243
0.471
0.671
0.831
0.941
0.995
0.990
0.928
0.812
0.649
0.451
0.228
-0.007
-0.239
-0.458
-0.650
-0.806
-0.919
-0.984
-0.999
-0.964
-0.883
-0.760
-0.603
-0.420
-0.219
-0.012
0.194
0.390
0.567
0.719
0.841
0.930
0.983
1.000
0.981
0.928
0.845
0.735
0.603
0.453
0.292
0.124
-0.046
-0.213
-0.371
-0.518
-0.650
-0.763
-0.856
-0.926
-0.974
-0.997
-0.997
-0.973
-0.928
-0.861
-0.776
-0.673
-0.557
-0.428
-0.290
-0.147
-0.000
0.147
0.290
0.428
0.557
0.673
0.776
0.861
0.928
0.973
0.997
0.997
0.974
0.926
0.856
0.763
0.650
0.518
0.371
0.213
0.046
-0.124
-0.292
-0.453
-0.603
-0.735
-0.845
-0.928
-0.981
-1.000
-0.983
-0.930
-0.841
-0.719
-0.567
-0.390
-0.194
0.012
0.219
0.420
0.603
0.760
0.883
0.964
0.999
0.984
0.919
0.806
0.650
0.458
0.239
0.007
-0.228
-0.451
-0.649
-0.812
-0.928
-0.990
-0.995
-0.941
-0.831
-0.671
-0.471
-0.243
-0.000
0.243
0.471
0.671
0.831
0.941
0.995
0.990
0.928
0.812
0.649
0.451
0.228
-0.007
-0.239
-0.458
-0.650
-0.806
-0.919
-0.984
-0.999
-0.964
-0.883
-0.760
-0.603
-0.420
-0.219
-0.012
0.194
0.390
0.567
0.719
0.841
0.930
0.983
1.000
0.981
0.928
0.845
0.735
0.603
0.453
0.292
0.124
-0.046
-0.213
-0.371
-0.518
-0.650
-0.763
-0.856
-0.926
-0.974
-0.997
-0.997
-0.973
-0.928
-0.861
-0.776
-0.673
-0.557
-0.428
-0.290
-0.147
-0.000
0.147
0.290
0.428
0.557
0.673
0.776
0.861
0.928
0.973
0.997
0.997
0.974
0.926
0.856
0.763
0.650
0.518
0.371
0.213
0.046
-0.124
-0.292
-0.453
-0.603
-0.735
-0.845
-0.928
-0.981
-1.000
-0.983
-0.930
-0.841
-0.719
-0.567
-0.390
-0.194
0.012
0.219
0.420
0.603
0.760
0.883
0.964
0.999
0.984
0.919
0.806
0.650
0.458
0.239
0.007
-0.228
-0.451
-0.649
-0.812
-0.928
-0.990
-0.995
-0.941
-0.831
-0.671
-0.471
-0.243
-0.000
0.243
0.471
0.671
0.831
0.941
0.995
0.990
0.928
0.812
0.649
0.451
0.228
-0.007
-0.239
-0.458
-0.650
-0.806
-0.919
-0.984
-0.999
-0.964
-0.883
-0.760
-0.603
-0.420
-0.219
-0.012
0.194
0.390
0.567
0.719
0.841
0.930
0.983
1.000
0.981
0.928
0.845
0.735
0.603
0.453
0.292
0.124
-0.046
-0.213
-0.371
-0.518
-0.650
-0.763
-0.856
-0.926
-0.974
-0.997
-0.997
-0.973
-0.928
-0.861
-0.776
-0.673
-0.557
-0.428
-0.290
-0.147
-0.000
0.147
0.290
0.428
0.557
0.673
0.776
0.861
0.928
0.973
0.997
0.997
0.974
0.926
0.856
0.763
0.650
0.518
0.371
0.213
0.046
-0.124
-0.292
-0.453
-0.603
-0.735
-0.845
-0.928
-0.981
-1.000
-0.983
-0.930
-0.841
-0.719
-0.567
-0.390
-0.194
0.012
0.219
0.420
0.603
0.760
0.883
0.964
0.999
0.984
0.919
0.806
0.650
0.458
0.239
0.007
-0.228
-0.451
-0.649
-0.812
-0.928
-0.990
-0.995
-0.941
-0.831
-0.671
-0.471
-0.243
-0.000
0.243
0.471
0.671
0.831
0.941
0.995
0.990
0.928
0.812
0.649
0.451
0.228
-0.007
-0.239
-0.458
-0.650
-0.806
-0.919
-0.984
-0.999
-0.964
-0.883
-0.760
-0.603
-0.420
-0.219
-0.012
0.194
0.390
0.567
0.719
0.841
0.930
0.983
1.000
0.981
0.928
0.845
0.735
0.603
0.453
0.292
0.124
-0.046
-0.213
-0.371
-0.518
-0.650
-0.763
-0.856
-0.926
-0.974
-0.997
-0.997
-0.973
-0.928
-0.861
-0.776
-0.673
-0.557
-0.428
-0.290
-0.147
-0.000
0.147
0.290
0.428
0.557
0.673
0.776
0.861
0.928
0.973
0.997
0.997
0.974
0.926
0.856
0.763
0.650
0.518
0.371
0.213
0.046
-0.124
-0.292
-0.453
-0.603
-0.735
-0.845
-0.928
-0.981
-1.000
-0.983
-0.930
-0.841
-0.719
-0.567
-0.390
-0.194
0.012
0.219
0.420
0.603
0.760
0.883
0.964
0.999
0.984
0.919
0.806
0.650
0.458
0.239
0.007
-0.228
-0.451
-0.649
-0.812
-0.928
-0.990
-0.995
-0.941
-0.831
-0.671
-0.471
-0.243
-0.000
0.243
0.471
0.671
0.831
0.941
0.995
0.990
0.928
0.812
0.649
0.451
0.228
-0.007
-0.239
-0.458
-0.650
-0.806
-0.919
-0.984
-0.999
-0.964
-0.883
-0.760
-0.603
-0.420
-0.219
-0.012
0.194
0.390
0.567
0.719
0.841
0.930
0.983
1.000
0.981
0.928
0.845
0.735
0.603
0.453
0.292
0.124
-0.046
-0.213
-0.371
-0.518
-0.650
-0.763
-0.856
-0.926
-0.974
-0.997
-0.997
-0.973
-0.928
-0.861
-0.776
-0.673
-0.557
-0.428
-0.290
-0.147
-0.000
0.147
0.290
0.428
0.557
0.673
0.776
0.861
0.928
0.973
0.997
0.997
0.974
0.926
0.856
0.763
0.650
0.518
0.371
0.213
0.046
-0.124
-0.292
-0.453
-0.603
-0.735
-0.845
-0.928
-0.981
-1.000
-0.983
-0.930
-0.841
-0.719
-0.567
-0.390
-0.194
0.012
0.219
0.420
0.603
0.760
0.883
0.964
0.999
0.984
0.919
0.806
0.650
0.458
0.239
0.007
-0.228
-0.451
-0.649
-0.812
-0.928
-0.990
-0.995
-0.941
-0.831
-0.671
-0.471
-0.243
-0.000
0.243
0.471
0.671
0.831
0.941
0.995
0.990
0.928
0.812
0.649
0.451
0.228
-0.007
-0.239
-0.458
-0.650
-0.806
-0.919
-0.984
-0.999
-0.964
-0.883
-0.760
-0.603
-0.420
-0.219
-0.012
0.194
0.390
0.567
0.719
0.841
0.930
0.983
1.000
0.981
0.928
0.845
0.735
0.603
0.453
0.292
0.124
-0.046
-0.213
-0.371
-0.518
-0.650
-0.763
-0.856
-0.926
-0.974
-0.997
-0.997
-0.973
-0.928
-0.861
-0.776
-0.673
-0.557
-0.428
-0.290
-0.147
-0.000
0.147
0.290
0.428
0.557
0.673
0.776
0.861
0.928
0.973
0.997
0.997
0.974
0.926
0.856
0.763
0.650
0.518
0.371
0.213
0.046
-0.124
-0.292
-0.453
-0.603
-0.735
-0.845
-0.928
-0.981
-1.000
-0.983
-0.930
-0.841
-0.719
-0.567
-0.390
-0.194
0.012
0.219
0.420
0.603
0.760
0.883
0.964
0.999
0.984
0.919
0.806
0.650
0.458
0.239
0.007
-0.228
-0.451
-0.649
-0.812
-0.928
-0.990
-0.995
-0.941
-0.831
-0.671
-0.471
-0.243
-0.000
0.243
0.471
0.671
0.831
0.941
0.995
0.990
0.928
0.812
0.649
0.451
0.228
-0.007
-0.239
-0.458
-0.650
-0.806
-0.919
-0.984
-0.999
-0.964
-0.883
-0.760
-0.603
-0.420
-0.219
-0.012
0.194
0.390
0.567
0.719
0.841
0.930
0.983
1.000
0.981
0.928
0.845
0.735
0.603
0.453
0.292
0.124
-0.046
-0.213
-0.371
-0.518
-0.650
-0.763
-0.856
-0.926
-0.974
-0.997
-0.997
-0.973
-0.928
-0.861
-0.776
-0.673
-0.557
-0.428
-0.290
-0.147
0.000
0.147
0.290
0.428
0.557
0.673
0.776
0.861
0.928
0.973
0.997
0.997
0.974
0.926
0.856
0.763
0.650
0.518
0.371
0.213
0.046
-0.124
-0.292
-0.453
-0.603
-0.735
-0.845
-0.928
-0.981
-1.000
-0.983
-0.930
-0.841
-0.719
-0.567
-0.390
-0.194
0.012
0.219
0.420
0.603
0.760
0.883
0.964
0.999
0.984
0.919
0.806
0.650
0.458
0.239
0.007
-0.228
-0.451
-0.649
-0.812
-0.928
-0.990
-0.995
-0.941
-0.831
-0.671
-0.471
-0.243
-0.000
0.243
0.471
0.671
0.831
0.941
0.995
0.990
0.928
0.812
0.649
0.451
0.228
-0.007
-0.239
-0.458
-0.650
-0.806
-0.919
-0.984
-0.999
-0.964
-0.883
-0.760
-0.603
-0.420
-0.219
-0.012
0.194
0.390
0.567
0.719
0.841
0.930
0.983
1.000
0.981
0.928
0.845
0.735
0.603
0.453
0.292
0.124
-0.046
-0.213
-0.371
-0.518
-0.650
-0.763
-0.856
-0.926
-0.974
-0.997
-0.997
-0.973
-0.928
-0.861
-0.776
-0.673
-0.557
-0.428
-0.290
-0.147
-0.000
0.147
0.290
0.428
0.557
0.673
0.776
0.861
0.928
0.973
0.997
0.997
0.974
0.926
0.856
0.763
0.650
0.518
0.371
0.213
0.046
-0.124
-0.292
-0.453
-0.603
-0.735
-0.845
-0.928
-0.981
-1.000
-0.983
-0.930
-0.841
-0.719
-0.567
-0.390
-0.194
0.012
0.219
0.420
0.603
0.760
0.883
0.964
0.999
0.984
0.919
0.806
0.650
0.458
0.239
0.007
-0.228
-0.451
-0.649
-0.812
-0.928
-0.990
-0.995
-0.941
-0.831
-0.671
-0.471
-0.243
